sM = 0.0277602400753407
sB = 0.00284041198356441
aM = -5.42926232709765
aB = -0.379419251947652
nM = -6.73602140844512
nB = 1.46051272655056
