sigma(tof)=e*x**4+d*x**3+c*x**2+b*x+a
a=2.55056292412568
b=-0.0192702755935177
c=0.000620834380435262
d=-4.02706921636101e-06
e=1.01415462736843e-08
alpha(tof)=i*x**3+h*x**2+g*x+f
f=-1.18042124700263
g=0.0135441451470589
h=-0.000105412912022653
i=2.97314684100351e-07
n(tof)=j/x+k*x+l
j=-4.38376875421603
k=-0.000234978549811854
l=1.32334100981145
