sM = 0.0245541776796548
sB = 0.163122053179679
aM = -0.144853492749424
aB = -0.727225353032902
nM = -9.18741531298432
nB = 1.72370649759467
