sM = 0.0273427224421143
sB = 0.0416355702863301
aM = -0.00634233432414623
aB = -0.73332071052601
nM = -8.90869816734378
nB = 1.62816856888903
